V1	V2
20.699163	-32.087814
21.016848	-30.33499
20.948565	-32.259747
21.766716	-31.381174
20.76475	-31.017927
22.427992	-32.63727
22.949692	-33.08617
24.3904	-29.491892
24.079473	-33.514732
21.991932	-33.25539
22.038372	-33.905983
24.262037	-31.728836
18.99306	31.8207
20.007818	-30.57056
23.247921	-31.457138
22.790436	-30.5305
22.413849	-32.29309
21.22551	-31.15423
21.97595	-31.145151
23.170519	-31.211508
22.251379	-30.198814
21.75642	-30.95687
19.990782	-29.220392
21.335289	-29.752184
19.798508	-29.342472
22.389063	-30.022942
20.27996	-30.690933
21.069876	-29.542791
20.97857	-30.98722
22.712564	-30.846888
19.493395	-29.699934
21.080418	-31.649536
23.157	-32.04696
23.755524	-31.231222
21.957102	-29.901262
22.266356	-31.791151
21.500307	-31.440468
20.781885	-31.799015
22.10292	-31.872433
21.854704	-31.859106
19.160326	-30.185877
21.108036	-33.5699
22.761734	-32.241615
23.209587	-34.93974
24.063463	-33.03818
21.287214	-32.95682
20.208372	-31.737759
22.28127	-34.5544
21.562584	-33.203568
22.06434	-31.569033
21.9498	-31.023834
19.88335	-29.447777
23.079357	-29.629196
20.758852	-30.194477
20.454077	-30.784414
19.60197	-31.082102
20.25872	-30.209955
23.366327	-33.72668
24.54476	-33.97164
22.864561	-32.977245
23.318188	-34.229977
21.339935	-33.78991
19.55644	-31.459026
22.851248	-31.121176
22.507362	-34.09552
21.378868	-31.333042
20.440126	-30.657955
19.399675	-30.08943
21.900528	-30.21278
19.97708	-30.072021
19.96494	-30.354052
19.815388	-30.354582
22.211472	-32.411568
24.061213	-32.607048
24.017778	-34.119648
23.147684	-34.56536
22.018162	-34.456673
22.30492	-34.66949
22.656979	-32.534145
23.141054	-30.064726
22.731703	-31.140865
19.386314	-29.951725
22.975346	-31.032267
22.932062	-30.748562
21.653261	-32.140728
22.205618	-30.91652
22.8367	-31.374819
20.468557	-32.288403
21.701145	-30.691973
22.390085	-31.01099
20.23423	-32.669514
21.60066	-30.654491
21.082373	-30.177078
19.733803	-31.444176
23.852858	-34.121162
24.015217	-33.598682
22.788841	-33.563396
21.914417	-31.778885
23.676617	-34.10509
23.068768	-32.69182
22.94677	-34.33943
21.523184	-33.477837
23.988525	-32.855465
22.183971	-33.984608
22.187933	-33.580555
23.129982	-31.590021
19.83572	-31.601295
21.516964	-32.674965
23.67964	-33.835526
22.197008	-33.408306
19.899967	-30.788664
21.901989	-34.134556
21.62927	-34.514206
22.271254	-33.70468
21.319427	-30.57585
21.064661	-32.484585
23.530018	-32.721737
22.160355	-33.07227
23.248125	-33.403355
20.555502	-32.002197
21.179768	-30.19341
20.773293	-31.703558
20.700857	-30.024374
21.981644	-33.057766
21.658298	-30.98467
21.349463	-30.633093
22.951803	-32.84031
24.033394	-32.303608
23.289875	-33.24607
23.958	-33.623016
24.22707	-32.157326
21.647835	-32.09428
23.503555	-32.300095
20.755543	-30.13781
21.749641	-31.285547
23.813025	-31.762728
21.529568	-30.60969
22.790197	-33.473793
21.365501	-34.47359
22.239208	-30.342253
19.756279	-30.956282
23.366362	-30.673576
23.44333	-31.466972
22.48239	-30.768282
22.718927	-31.14933
19.719057	-29.603136
21.291933	-30.484488
20.682623	-29.769585
21.496296	-30.856697
23.901041	-32.867027
24.323534	-31.22376
21.664444	-32.523445
23.797361	-32.381393
22.613043	-34.610542
24.059307	-34.13791
22.706417	-34.160034
22.744043	-33.0345
21.17623	-33.66773
24.132097	-34.153984
23.23732	-29.558771
23.561625	-32.651844
21.236242	-34.196934
22.864624	-32.70189
24.521742	-32.59873
23.158619	-33.976425
23.115726	-30.38342
21.136753	-32.383068
21.484112	-29.811995
23.565647	-32.505367
23.372417	-30.26433
21.140991	-31.82899
19.871857	-29.95354
20.180906	-29.589874
22.310593	-34.555832
20.820827	-33.119427
24.12388	-33.804924
23.068956	-33.30117
23.114689	-29.388382
21.161034	-33.46767
21.06995	-32.61262
23.061949	-34.33607
20.360767	-30.730068
20.210196	-29.960154
21.414621	-31.647467
23.873882	-32.672558
23.894646	-29.830772
22.781553	-34.307278
22.59297	-33.52593
21.641132	-29.77545
21.589083	-32.222095
22.8167	-30.35143
19.592007	-29.98366
20.851051	-30.07904
21.927727	-30.95574
22.633215	-28.082174
23.807636	-32.69675
23.539507	-33.121105
22.123531	-33.438595
21.699047	-34.851837
23.389654	-33.978767
23.644304	-33.574326
24.548393	-33.656788
22.834352	-33.67599
24.198147	-33.286655
23.37939	-33.400723
21.989721	-31.008446
22.023546	-32.16489
24.693441	-33.79073
22.901182	-33.485317
20.536524	-32.766315
22.981667	-34.729805
21.242773	53.409637
20.200079	-29.639801
20.332964	-32.317966
22.77879	-31.266586
21.83719	-32.54953
21.296164	-31.502449
20.424667	-33.132618
22.761282	-28.43787
24.245287	-33.644997
21.532066	-31.96033
23.130747	-32.70238
23.679966	-31.571068
23.314514	-32.189327
20.436928	-33.098995
22.861343	-34.510113
24.188774	-33.416435
21.455982	-30.61468
21.585846	-30.23514
22.366646	-30.299112
22.263199	-32.611385
21.505594	-33.50798
22.98826	-31.79532
24.52964	-29.606369
21.355976	-31.441017
23.169975	-30.926447
21.506136	-30.894331
21.159771	-33.655354
19.123146	32.08601
22.601238	-30.58675
22.917864	-34.207977
21.294485	-31.83988
21.968288	-31.734514
22.869896	-29.742811
22.566872	-28.593138
20.313166	-29.764137
22.524538	-30.97608
24.035332	-31.597578
18.968756	31.794022
22.816864	-31.123484
23.369463	-33.26721
17.572338	30.090778
19.100647	31.821987
20.917173	-31.205873
17.362312	29.792933
18.994778	32.023106
22.067081	-30.003021
23.692535	-33.813137
22.20214	-32.877396
22.9986	-34.354687
23.42584	-33.968903
19.29649	-30.073528
20.033205	-31.39296
20.581602	-30.88175
21.341	-33.37667
22.29765	-28.867113
19.81206	-30.522038
22.706177	-33.919895
22.75863	-34.301815
24.156971	-32.804707
22.75745	-29.78898
21.726192	-32.266766
21.206982	-31.643988
20.336214	-29.643179
18.999252	-29.845947
21.849653	-31.358648
21.190392	-30.615082
21.706993	-30.83081
23.228357	-34.48572
22.514456	-33.23291
21.171434	-33.047935
22.445011	-33.661583
21.75929	-32.879143
23.915735	-34.157734
20.49873	-32.82842
20.832129	-31.238684
23.6883	-33.967236
22.808119	-33.588543
21.45987	-32.783844
23.314035	-31.313288
22.717915	-31.188396
23.302073	-33.25578
22.82832	-33.8179
22.650093	-32.05659
22.541016	-28.391582
19.004608	31.97155
21.527103	-31.037071
24.304964	-29.552305
18.931835	32.209686
22.311836	-31.200518
22.858782	-34.10624
21.432245	-33.14767
23.50764	-33.43332
18.911549	31.968395
23.02742	-29.54678
23.239992	-33.173164
18.877686	32.027634
21.68288	-30.679018
21.79921	-33.161827
22.587128	-28.286232
22.78572	-31.489008
22.59204	-28.319206
23.854616	-32.419037
21.667616	-33.45977
22.345268	-30.888775
19.526201	32.054794
22.81691	-33.106567
22.408978	-30.015299
19.462208	-31.06368
21.383266	-31.869333
18.939394	-29.453371
19.07357	-30.059372
22.75398	-34.00311
17.400867	29.935236
17.39974	30.314045
23.115961	-31.398296
22.309221	-30.150265
7.051065	-14.544284
21.392921	-33.981724
19.895458	-31.181568
17.489046	30.052237
19.503094	32.098793
23.24272	-30.047646
22.760979	-27.989607
20.553741	-29.749311
19.179392	31.863234
19.78956	31.773058
18.986105	31.703415
20.555754	-32.199867
21.455877	-30.545517
18.047653	30.727478
19.138607	31.88366
22.040005	-31.319313
21.760143	-30.510046
24.09134	-33.423515
22.139963	-28.016361
18.92122	32.088417
19.319263	31.774288
21.741308	-33.614456
18.553707	31.477427
22.723442	-27.852283
18.938192	-31.93597
22.596783	-30.77106
19.114729	31.734777
7.5633707	43.57502
21.728502	-35.077087
19.164444	31.808489
11.664556	-40.545227
23.62661	-29.853437
19.161924	31.7358
23.110224	-34.813896
8.624326	44.054337
22.317278	-30.411272
23.076145	-34.748966
19.770952	32.256756
21.484531	-29.656595
19.41228	-30.916697
18.717163	32.58552
20.553617	-30.076815
21.512232	-33.792942
18.774607	31.812563
4.373649	6.6468453
22.671688	-29.288366
22.869926	-32.121025
23.146488	-28.980976
19.69134	-29.317211
22.222643	-33.939137
22.751945	-27.939438
19.9716	31.82959